2199308557
289727357
580415703
1592150920
582198581
591362012
1391490970
292444819
875282764
586502477
584377630
290248207
290034870
871224366
290446809
963040709
289854949
249400577
249924604
580274604
1429286597
291369221
972492170
582480560
580513424
289819481
579035339
580646578
1461106144
585245167
248690476
248303641
956923673
537782097
1420301909
830135610
835291441
248401223
1269149545
248678530
538611072
539102718
537747873
248316664
538145093
1431960385
545674891
830574709
248340633
979127262
540173828
248687833
247127686
538063527
537117212
537736448
540575247
1506223132
249660202
1294474735
832856895
829377678
830421489
536080806
537363806
538885148
538241070
827379692
249548313
249702151
540116621
251127915
830852156
827243022
537921486
829666209
249798069
539043065
828630043
543917237
1492902627
544306367
542292327
537064900
248319162
248146237
248475555
542202016
827644382
539190994
248493849
1333405629
829692347
248349373
539555855
251999021
827977423
537441698
248011878
247845826
827417934
248293015
1349723543
827978409
825537856
827634829
538198257
541181408
830260993
247633450
826779438
535697376
826481727
828373865
536279792
538448876
249068680
247876315
537202362
827236969
248364094
826586625
