1344443287
1844761136
3767721313
4526284141
536634695
1088345329
1304174135
289409736
702838637
1252269342
1469043160
413318208
889781292
577747160
1301271979
1517882228
2530876432
791799335
1096890838
2081679601
2958669987
1444497348
1608160001
494416338
1130002053
1346102530
2273213878
534588140
1212967914
1429005434
2482504594
206142196
940688229
1116246018
2209419184
246290680
922979360
1140246822
1821964866
789857259
1208947831
2553417130
745206357
1116212994
2215967355
2833952364
512014371
1263278120
1479166173
2484162362
248959388
1044797359
1261630162
2488437221
1316571760
761495776
1179246836
2436450899
792825210
1008479963
2023904164
1456342332
789230322
1163077414
1925400393
2911638120
288957743
1173084724
1390101249
2121184867
751109369
1044625031
2098258146
762279572
978770653
1908488452
287716032
1173654039
1394810349
2154059042
752266105
1133305905
1895542014
2919333741
787762874
1004373050
1934403413
287817375
1123218559
1339125089
2309371168
789263317
1170345476
2262065828
1498215314
581419712
1347602995
1685334218
2952328425
780140712
1169960228
2097968086
2793100816
537958402
1067997372
1284014465
245997444
877651283
1097216388
1444881309
687359731
862545214
1990352445
331597258
1222597860
1438773908
2364653188
246231196
1143771845
1359452135
2464209779
679059600
894783618
1615461329
287880837
986052483
1501132649
1717035941
411402323
1139095079
1355688723
2033855385
292868989
1195329270
1410746336
374613203
932507968
205223038
1123092607
1339144317
2172982650
816820535
1394671864
2346028627
3219452703
810407385
1026637991
2118781070
751838546
967413853
412411564
1209086770
1469918807
2409487943
205272926
1126435448
1341448551
1980652158
710630110
1120418277
2213832197
1866954207
1567346372
1394944758
289063741
1217798993
1442762224
2531854225
412419050
1233477072
1448920888
2740671437
709072644
859429601
2061052456
792399055
1008107145
1804589180
867971788
1369356257
2320482959
3131585031
245787092
939640504
1437725833
584364217
1053952596
2152038701
2812748314
1762659305
1402020774
599527380
1410930003
1626373837
2711957302
246284448
972116239
1518637156
1734283104
410159950
983248335
246976391
1180606254
1397347530
2651008972
752348075
1175285073
2338127698
2997132771
748087046
1172525567
2263411050
247240281
1187793901
1403529183
2654467187
748647951
1181271225
1869132724
1686527582
721809306
1151418264
2406181225
749463879
965251917
751420467
1180704666
2435595573
247275498
1164825467
1381649149
710045712
1274075400
2037277870
3025030260
246034329
853934633
1070096338
249482176
1197912706
1414513444
2433527472
757493219
1193625779
1955057405
2783385382
669416313
1106098567
1785494838
2443719507
246261661
920489785
1137209663
752901199
1190720391
2085894100
2745184914
535064882
1366377631
1581871714
2673850972
412339959
1160544390
1545091078
2305507807
793319819
1231432455
1993887282
2744518847
760758457
1199881461
1915378971
2902774540
763114245
1206505386
1967187771
2631539217
815477765
1030994089
2203181387
792271072
1153558752
2001280314
792848248
1237348571
1997666656
2614641571
533558482
1367669836
1583022551
286981853
1010524468
1441625605
736634158
1184739993
2112382367
2770691056
246061482
951366808
1453765475
1669576081
1609891780
247099519
1217421663
1437506104
751413475
968367110
1689180548
580288681
1424303470
1639958788
2401695174
288245552
1256451871
1430665303
2195963385
537278682
1381304051
1597434469
2357328424
751197122
966336565
1732758283
577704617
1422700899
1638480589
2893048079
535278019
1508863794
1724037337
2484244798
287794804
1260491696
1476020545
2655386698
574258590
1394155335
1570954218
2332703093
793608714
1320613232
2247170950
1314604351
574795320
1304068909
1519968094
247021351
1010313818
452968602
1308610206
1525676088
2451377970
245318966
986519705
245815558
914971128
1089574425
534302244
1092673016
791670355
1321666710
2083189292
2776591253
791587047
1259335854
2185238934
2861644655
576293562
1363297658
1581382916
2639674095
1304361324
751101530
966798254
1687500585
791936853
1008373043
2266727050
575847824
1354779895
1571268414
2331465537
791671176
1007252653
838617276
1313585136
2206354611
575300693
1422906344
1638675734
2359045422
1484755749
534815541
1401012302
1576195561
2510687807
863013013
1078942450
2170576218
579247819
1367332148
1584170055
2678340077
289907278
1284019718
1499643256
2589804413
761639678
1242824159
1919186422
2904547789
1609620903
575923380
1445733581
1661993019
2547859566
287115275
1284228955
1499168816
2756591712
533888138
1406945642
1581748258
2836479334
810428000
1293947476
2057474603
2631543898
751783572
967469729
1891111080
1230651221
790608840
1006279373
1726709151
287991034
1247298940
1463143238
288731889
1291525810
1507155351
791921902
1594305188
2527453153
3608965501
288942055
1234408111
1450267901
2378526677
1462935530
205289736
1172584567
1387906398
2313461622
411286322
1028550756
795769894
1288229815
2049335654
287220999
1296535216
1430660522
2314287614
289276945
1298107137
1473037450
2562153392
750975347
1246123600
1925557096
752388697
1249655101
2011573239
2918726941
751193481
1246543550
2172787147
2833112915
751734171
968081866
1895721916
491929640
1300954239
1516942085
2537221059
247057014
1261362632
1476599226
246238106
1229887213
1445432435
2206016369
247327832
1264303119
1480262873
533795126
1080434626
1296749491
496263410
1391386502
1606832514
2329629805
246246775
1263226896
1479234270
2785614698
754250559
1322835855
2084883560
2746941621
246607407
750702788
966225593
451457721
1309978198
1526110219
2410985192
537311432
1435328535
1651592818
2837345776
537030561
1437153932
1653481224
2591494667
491595185
1161712949
534121349
1473685989
1689015071
2614960486
534228013
1199422659
246831190
1231414313
1447812079
2289083091
290828461
1047223050
750090734
1342398969
2022768298
2518141732
1742602742
245910924
1297945029
1514218226
2728863406
751092647
1267118145
2189260871
2850312434
752290272
968117411
2059935378
749784827
965968950
1730719007
453169804
1361315221
1576848270
2721983575
709067086
1228868083
2072099193
535259460
1070407956
1245461634
536255930
1350584631
748218470
1271524376
2032219627
2857835228
246478185
1307935977
1524152607
2738589083
750927972
1297049991
2016456791
2837986450
247224940
1250518519
1473904693
2745655836
720692263
937698157
1821496582
719835950
1246510978
2175830933
3060380827
667894966
1194004032
2341005772
246756919
1262397423
1477944889
707415287
924866429
2178988845
246996249
1249369245
1467491730
2309160097
1439990181
534911414
1221428311
751507452
967190218
748209789
1404674957
2127730516
2950778790
289805560
917616326
1133698680
576146919
1550525648
1767604261
2529090006
287306484
1236728942
288133628
1038879741
1585361176
1800591878
