728552587
1227558808
1848262722
288894714
749172109
1372263593
290576649
963668164
582633140
1206742444
291045109
916038644
1539961681
290822165
1039726101
291359964
747786191
1371140262
581009097
291738079
918994802
1543520941
290205565
920474109
291317483
747251398
290846243
1212547241
289438208
745429950
1369390768
290429182
745668324
289719778
1037641701
580651676
290261499
954334907
1583092006
290983257
1040819714
580701869
1205128551
580919440
1201142999
290661630
746285282
1369793399
581796363
1205657174
580981896
1205078579
290584284
290651948
746409779
1367365590
292540894
755296866
298028788
968591071
1590891566
291379201
961399620
1582498709
290288906
749293511
1370036957
580020081
1202921360
578863773
1640211117
289878837
1036374257
289435106
966059618
1590571390
291030200
746360680
580489144
1425231491
290299726
1261219048
578609872
289532176
744325078
1366699617
247601229
703151377
827719402
829910596
248223664
956895418
1587162531
289873453
744641127
1367653419
289107558
993013141
1614711817
290117060
745451798
290373103
997298399
1619745788
289696662
749915280
290086081
745428009
1372009287
289502390
1003756198
1626091291
582665343
290653791
1039684516
254090288
968156127
1588652743
828158626
248414565
705231749
1326376607
247823144
993521540
249055738
706724571
290144412
745424327
289451979
1034903872
290597730
751971324
1372085111
288641195
1035687825
292848270
1045113175
288846233
743961453
289105365
747726009
291377433
1035489408
288201438
742162680
291525100
744255349
1364666059
288823455
1037047357
288374300
1030437919
288603211
742192638
1365452686
290455955
1016678200
1639413701
288862670
743867879
287814372
743754616
289617199
1033400681
581684673
1204199275
289793868
1036212324
290339332
1034630433
579267208
290979656
745562481
1367470918
292611646
749878870
1369393327
289701281
1021360405
1640496806
291880362
1028460945
1647526458
582143843
290624748
746213465
289777581
1036898993
578274452
1200930118
290101187
1029922784
1650670065
290161477
1322225639
290168508
747019499
1367489967
288578170
744759556
1366988917
578798137
291362683
1035816733
1659882908
290327535
1032693545
1655457547
291088393
749937435
288350286
576437465
1581545009
291747080
746605562
291062167
746183198
291046032
746844500
1368173620
287325971
1040542312
582357936
1507122632
290007350
743461285
1368150304
581654814
1205038746
249054261
703732055
1323984515
249516094
706054149
1326682158
291263604
748061032
288502441
744056695
1366291955
289964112
578547138
1504726249
290517900
748745690
1371834923
289135858
744218484
290276600
1037625245
580621271
1511799779
249949855
1304453496
248843406
704512705
1325912158
247046460
247681724
706123437
248416151
704809354
1325670126
248685488
1022089724
1642565179
291617806
1062908650
1684795354
291494032
1057380936
1678961678
581809084
1201150734
290258606
1064800662
1689307660
289116204
742656117
1365362523
291250837
746777533
290797386
745348666
1366666406
289746066
750027807
289852234
1036889209
289332926
1065242082
1686109172
289442896
1065749795
1687124150
580019706
1201276309
581314302
1200971902
289281965
745261290
1364133314
297356282
1036976161
290422516
746943294
245385559
1318218270
248572087
703635740
288778012
1080969582
1702049246
291635824
1036227328
291899996
1037504340
582263082
1200748935
248491941
1036521529
1656984100
290428013
1084400693
1705964473
293552931
748265663
1367815045
292538198
1370500687
290948238
745550619
290190821
1033831266
290476724
745541379
1365922957
290301371
1084366372
1705797991
288504650
1037401495
290387219
746897180
1367818601
293227900
749845309
1371708517
291161668
1036596570
288645420
746380651
580898082
577198428
1629794581
292539963
748477169
1368341774
290480989
1093741941
1713937573
290697974
740764775
1363247861
300845909
756286521
289886099
741087990
1362698060
290035363
743118328
290282686
581325687
289555101
747305349
1369182349
290722213
289334546
745129295
1370758312
248773271
701246260
1322513122
830751535
288770872
1101054746
1724981689
578666504
1197575989
290993902
746891122
289636706
1103172581
1721582071
289222571
1035623147
289685457
746402581
579045350
1200035101
290774706
1107928897
1734928449
290267145
741085130
1362352294
289723303
745044326
1366089393
290223374
1036839854
297374899
752851412
1379555919
289461416
743237521
289220082
745029493
1366464996
580156359
290103191
1033660459
293834227
749605042
1371063253
824263216
538342075
1618125181
248163478
703183687
1324672788
539629606
1532053807
539344552
1163466015
248548880
704254777
1324993156
247960824
1366497451
537972472
1155305146
247277542
703535854
1324791691
579796638
1578069348
290338421
744986094
290047589
1035720257
290490048
1035663805
290669005
1418824696
290203336
745242707
1366434289
