429866847587665
429867530808944
429868330999051
429869271712690
429870331157585
429872082751633
3331939
223912270
570131351
1042854020
1642509286
2364704445
3215889925
1392669
221606449
566599359
1043503424
1648692156
2598675454
3577006887
2149058
221063585
569170043
1038899567
1633028599
2356141288
3429142600
1367177
223076391
567139626
1037543815
1645606125
2370862971
3216935593
4197096920
1739826
442143937
910545476
1504883447
2223056117
3068207879
4040982818
1718669
221510420
566216930
1257731385
1977134809
2821441305
3789586534
1233330
439707791
915995481
1512863027
2236824954
3083651641
4051858461
1172345
158424443
502834684
1194566325
1913666800
2760243546
3736753964
1318021
159086985
503122163
970293315
1565204307
2511691165
3484707549
7955485
164531489
508226728
977149619
1570029456
2286336314
3129587894
4102975362
1514988
158389524
503829529
975637028
1570024982
2293432085
3356307107
1118464
158589929
503214353
973217728
1574090003
2301178572
3369093428
1121982
375500467
842857385
1433272027
2151189223
2992139167
3962942756
1340772
157437267
501323030
969724572
1780365273
2626300117
3601531887
3011736
159195797
506866888
979758868
1573430593
2289681670
3357219061
1570469
158394911
503918833
971642924
1568199396
2506794307
3473915244
1213012
157839915
501168623
1189694896
1907117799
2750160960
3722024398
2792601
159037045
501988820
967460985
1559758876
2497346234
3471630347
158933934
697729846
1165100035
1762714312
2483611970
3327594994
4301756373
887284
377453539
847316102
1438953274
2156835658
2996409395
3963293492
854304
156898223
500671337
968546623
1562509948
2278786920
3124447006
4090907091
1074275
157971667
500879705
968206149
1561036319
2498731051
3465786469
1082633
159901541
504187787
970807248
1781897466
2623370399
3589478819
927755
157476990
500617615
966158491
1560115148
2276808986
3117889049
4092873334
1013204
157904093
501456906
1189933933
1907178959
2753697693
3719856035
3796706
161156701
504641673
973917597
1783843210
2625561296
3594291322
157183996
700156865
1167267993
1758711529
2478821507
3319850965
4293484609
960828
159739981
722204676
1313545110
2029298896
2871360364
3834940117
803313
160094386
503886902
972493906
1788410479
2631369199
3600557332
954506
158634165
509159509
976883145
1571598439
2510413304
3477486071
817558
158603860
504841388
972462180
1563221082
2277644818
3342329448
749846
157063775
499528166
1187237274
1902835306
2743485565
3709483448
746791
157373787
499746917
967186448
1558652268
2278086643
3337715069
807459
156864735
500254610
1188115546
1904370069
2747614136
3718551783
993497
157381754
504101967
974050943
1566635106
2280596911
3121297521
1344201
158942954
504742217
971423912
1564793881
2281293853
3125497377
4096290160
1068180
157198526
500566207
968071849
1561360694
2278983887
3119112932
806144
156903758
499444214
967961066
1558651697
2276496250
3117654556
4084574572
948428
157573873
500617702
1187340523
1902795970
2746294841
3714367858
768504
157286207
500341382
968375621
1787527246
2628290191
3597936058
815933
156726543
499635168
1184775416
1904571722
2747829864
3713565010
783634
156614619
499559901
965609157
1560044665
2494955266
3462041276
925239
156604678
717245475
1308515671
2026185290
2870118067
3840832474
156295676
726749128
1193712784
1786913736
2502063566
3345138778
4309440637
860948
156552136
498466151
967771229
1559849866
2284674485
3125199318
760728
374561807
839585483
1431459772
2153543091
2992410087
3954354715
1203524
155890759
494522011
960762810
1552047234
2485590145
3450855242
822828
156788444
499433516
967471110
1558368806
2274356380
3116469390
4085335311
800118
156347558
499917297
967665956
1558079472
2277081684
3118340603
933944
159141944
501801458
968067981
1558672535
2272669802
3111795195
4078385439
956558
157084902
499874606
969726804
1778505704
2618681447
3588496214
995189
156775713
499748754
966052214
1773461073
2612688307
3576126332
1029788
156972930
499122134
1183247149
1897566077
2737514603
3701575216
1308129
157803743
501676485
968103890
1790003718
2633323939
3598974732
921646
375754887
842276978
1438065330
2156250288
2997042476
3964737954
951728
157763133
500222938
1185682704
1900129188
2738046711
3707039312
970004
156921199
505312341
971921939
1564863253
2281476370
3122129846
915612
156535926
499211490
963747561
1553123237
2489020606
3457679843
156924030
737072344
1202430909
1798260592
2533846464
3373553653
4337526793
936376
157283989
500292451
967168474
1559542764
2275168532
3115035181
722296
156395443
498515311
963797157
1774638207
2617100284
3583570448
3022372
163791431
507924655
974495844
1566125092
2280684898
3121512324
970763
374371646
840409697
1432511750
2147722172
2990591356
3960342331
1034328
156778238
498262311
964613695
1554594149
2274433623
3116095727
4084231036
157035379
738005403
1203849361
1794513264
2510900449
3353355024
4319584111
947398
157146823
498759687
1177622142
1893213497
2737134719
3704956024
984907
158818299
500191446
967484924
1558392825
2276220401
3121454751
4093933884
830799
157137256
499918352
966346405
1558732586
2276759481
3116526912
4080942107
833232
375013327
841448935
1434617759
2156160613
2994846236
3958358671
853951
156494113
504837081
1189111819
1903578386
2745191196
3711775448
1038188
156622811
498473457
1230768264
1822853390
2536984611
3379359411
4359942356
959184
156507393
716581931
1312755940
2027559894
2867160641
3829111001
157555552
747064906
1216212874
1806138784
2519098185
3359809318
4322808723
1040174
375206849
841521776
1433739013
2149452515
2986939394
3950386466
1522892
156781594
498766334
965495700
1564044763
2280838786
3119830790
4085559030
1139623
156359251
498798977
963795874
1549373109
2263973461
3102987701
4064305044
158414547
717585902
1182717750
1773188605
2488270905
3327902746
4300135141
890401
156742157
498696549
964872465
1554948140
2268305197
3107167238
982841
156591130
497871685
964008309
1554506978
2270166688
3330129473
679982
157460898
499897221
964988262
1560488198
2501624193
3464557980
659364
155856771
497593906
963735185
1553581229
2267091832
3326383208
665000
155537875
497484474
1182385169
1897434570
2735875977
3708174929
624638
156695251
498997372
965364202
1554447243
2268372892
3106557482
594238
156530290
499296070
967525217
1776033334
2618299709
3584776521
674269
156727930
498616944
964382499
1557577084
2271292549
3111092415
4076351755
716537
156476278
498674974
962809117
1771121016
2610539746
3574447124
635500
156483700
498312017
968855265
1782484377
2622611146
3590846213
541337
156468381
498741512
966752377
1556760798
2488928928
3452608560
646926
155730035
715962953
1305747957
2021232101
2857650127
3822361803
564220
156402855
499476053
966612458
1557355389
2271487016
3338234393
610357
155533665
496686875
962760416
1554822875
2271163160
3111378823
604219
158209019
718434513
1310600183
2028235792
2868081670
3830696835
631315
437404150
903178810
1494008110
2208661654
3042104688
4008293832
8002622
226071617
567870777
1035189632
1843620547
2682522033
3643893067
582929
219266203
560686591
1027221688
1619330334
2605566942
3446863857
2331493
219860344
561367548
1028147000
1623761221
2340354343
3179354218
583807
218236138
778327157
1369775776
2082983165
2920384798
3884810912
218390573
832707688
1299387341
1892100411
2611618805
3451446882
4414258960
570576
218399434
560960495
1024579252
1614881809
2330404007
3390899695
908596
433726122
901073500
1490322770
2207922491
3046350691
4012160103
707612
218253900
559950692
1025740305
1615995991
2330266018
3392309667
548594
217826266
559954363
1025358523
1616070632
2552153453
3520174059
619810
217693566
560026449
1026198509
1617353909
2546123463
3510985088
573039
217764544
559411667
1243620312
1958824434
2796764658
3761663845
646449
217934186
559034500
1025214041
1615723628
2328625601
3167035402
929869
218238085
559756093
1028834741
1627441153
2340481599
3179968866
550343
435005022
899400125
1489030734
2202774526
3040481773
4003421644
572807
218048784
559732934
1025316945
1612507624
2331414998
3170188833
217728007
835539179
1299647224
1890648641
2604828474
3442816493
4403576020
647531
216048908
556655241
1022773403
1610673671
2326151673
3167996134
218619156
805089949
1271229096
1859939123
2573872347
3416542804
4380932846
1930109
437235532
902364450
1491853138
2205546870
3306024711
4269257120
1007828
218176536
559032797
1025157217
1617397373
2332354229
3390724967
600171
218665315
560821432
1027281036
1617793657
2331321099
3390508086
559478
218864377
560391361
1024144295
1615808564
2330668578
3169928396
4132634400
874295
218645428
560241375
1026104093
1621187575
2335739042
3174092986
675788
218933733
560985971
1035333599
1626268128
2337382135
3395515627
524533
217374007
558975421
1024953842
1614640703
2329179925
3171698170
4134340230
644372
218327153
560095175
1026021054
1616714033
2331731208
3390858602
587105
217916129
560475532
1025992431
1616368408
2333284066
3172380546
675509
217348959
559776086
1025552376
1618973424
2334031051
3395740102
218350814
846390444
1311946519
1903036818
2616066848
3456616018
4421681134
561312
217434186
563861414
1033014882
1622946956
2339148030
3390060370
560026
218010051
564742699
1029939736
1835391448
2673081680
3636401225
848998
218554867
773799814
1364624666
2082096888
2924596093
3886149450
508201
217620632
778031262
1369337888
2083389906
2922991116
3887973488
555144
217586184
559208267
1248290583
1961749939
2800382379
3766043890
612818
224610552
565907794
1032056518
1621243080
2335042807
3392128671
530612
217492442
775784342
1365962142
2079487877
2918794207
3880682329
700821
217622046
776617462
1366881382
2080432956
2918108353
3877869588
555758
160018989
716057371
1305716693
2018839895
2857339078
3819711810
543401
217409671
559262128
1025666719
1618441718
2333089148
3399832223
217472291
853722132
1318850266
1908532214
2622234834
3461472176
4425097100
686978
218004546
560266391
1025786681
1835361514
2677538754
3641730883
583573
218458031
560857943
1245191467
1958219753
2795265697
3758729451
631811
218770990
560425040
1026618432
1616602353
2331372610
3170076374
4133268337
505131
217649305
559731321
1025820587
1614483407
2555826285
3523731914
620358
436890636
902895140
1492817359
2210236039
3049278182
4011844219
548815
218260562
561005738
1026323790
1616434904
2330488938
3390603304
666727
217966239
560865801
1027084931
1840042209
2675694792
3637834693
545501
217594091
555951525
1022003437
1613098153
2326429317
3163909123
625106
218278334
559533055
1024173781
1612840828
2332715029
3170543194
567788
217462513
558679630
1023859417
1614136719
2680575286
3777323979
671504
217710873
560089968
1025597769
1616440401
2330009009
3168377881
813867
432162290
898147604
1488621738
2208139788
3043945921
4008786521
758772
218909022
560040582
1024629193
1614427794
2548691031
3510250012
711323
156609048
498969504
964739123
1554975497
2485959340
3448563997
770751
218037789
560009411
1025845614
1832497578
2796819982
3760228058
708308
218319314
562094559
1030004399
1837152498
2676399619
3638955889
926517
219275089
560066639
1027388806
1616544224
2544993032
3508781936
751678
220400400
780603876
1370933984
2086605621
2932387653
3898128403
750326
218159692
559127307
1026922352
1834217264
2681014254
3646393908
683565
218470624
559246368
1024961993
1832516734
2673549587
3634845269
690207
218322089
560436471
1244797046
1961494362
2801830259
3764836371
1164389
218211778
560175419
1025289131
1616526545
2330779342
3172468775
720443
218771907
560585343
1026754592
1616697231
2331067953
3170729683
217862605
877566573
1343514607
1933320620
2648466758
3485597503
4449565840
740113
218514532
560300303
1025769984
1626632641
2340536555
3182037030
709439
218294729
778357376
1369253806
2083938255
2922877302
3887733049
730518
218811280
778748838
1366764808
2076302965
2915582528
3883863173
731190
218146817
560999695
1026814382
1835072609
2672860861
3637405522
724031
220869103
560530750
1025767842
1616960422
2330432587
3168465550
677759
217974196
559417451
1241686479
1955016320
2797608802
3755861177
1078228
435088504
903927143
1495884905
2211267118
3049838778
4012145491
512021
218228250
558961842
1024342100
1614127042
2327781735
3167399522
4130456808
599845
217895779
558814164
1024785246
1834057573
2672853583
3635172369
546456
218218713
559167179
1025752581
1614969571
2329392405
3168901949
652015
218476697
559229134
1239826289
1953971245
2793471323
3753606212
666663
217817337
560755784
1243476503
1955595546
2793406435
3756619632
726293
218555611
777757780
1368083097
2081056360
2919640446
3885413561
218900395
891002887
1356769461
1947258045
2660763783
3497740286
4462768098
1114490
218802957
777906810
1368055998
2082488199
2923636616
3891835464
724557
218568439
559914692
1250053643
1965552436
2805774194
3768714468
6052662
353018082
914779088
1504670429
2217821865
3066683231
4027737299
898029
218840570
560949810
1027018396
1617383884
2331408836
3170033368
873567
220755356
563904426
1250629943
1965292211
2802622234
3768818272
739778
218902345
560432931
1243838393
1958738729
2796641220
3758383188
791894
218591069
561327883
1244981633
1960105252
2797707163
3761982382
773768
218711840
560031739
1025606801
1616119094
2328353845
3166317444
4133124299
674820
217718116
776462288
1365889971
2078651890
2914525376
3875931927
1968301
436345353
902993836
1492084149
2205024655
3043022876
4004749217
1777683
219236292
561527847
1246561194
1957772223
2795502076
3757553740
754342
218098954
559749802
1025134596
1615259264
2327553431
3165168286
789476
218047413
559347113
1242579162
1957081442
2793298497
3755693333
689698
218861004
559394363
1243005330
1955678675
2794710878
3754895555
800229
219268111
561049334
1245417921
1958782604
2795344227
3757383581
707177
218234436
560354001
1024886889
1614411357
2327815291
3166745728
4128822879
670985
220154612
561085751
1027258460
1617151172
2548791503
3514569500
799393
218507665
560414282
1027091702
1618386502
2335419784
3173716380
4135618128
807154
218511585
778285267
1368571946
2082428738
2922500733
3885292188
795281
218223473
693051924
1376810153
2092771144
2931616187
3894480744
785405
218547278
778881731
1368023826
2082390008
2921353656
3884842282
772806
218377823
559883393
1026398669
1615899805
2330575554
3164428366
676469
436124281
901752424
1491565324
2202840053
3036730103
3997428331
218657168
909990002
1374639622
1964047326
2678106419
3513637556
4476597334
744242
435474174
899969107
1491017002
2203717468
3041596656
4006737860
740947
217465812
776814052
1366618101
2080818358
2918096709
3878450136
675813
218379099
777174923
1370113240
2083796550
2926069429
3889999570
217836391
879976921
1345739067
1935022455
2650158355
3488694797
4449390020
