3343778715
5417161212
442952268
2178637131
665548061
2409158485
669020738
2143348245
1389457
1328233074
445752953
1745753931
664534339
891373282
223178296
1841060633
1319015755
879177933
2294350389
222890361
1136594419
220166811
1798200492
442614437
1964786619
657712352
1949551701
659671079
1955713500
1321270711
2703520918
879093344
1907695702
948208
659100016
222972389
980161876
1196505
222771208
1614877450
440961792
2008032273
220762413
1823639489
439186719
1996418429
1041751
885096013
220806501
1165699718
1033677
219832320
441786452
1126678579
219211277
1829880517
838770
1320529923
2908206542
438418432
1159622
1333551266
221983114
1174900615
438618934
5165506
443019395
657589671
438714320
1349105106
658997421
2215639447
1316965786
221859243
752379824
220096466
1188459859
438262924
2031246042
1097135662
2979926333
1386639
1093656996
222946560
1194033241
655414395
1556783608
1012443
874737427
657179780
1561439944
1317862870
2969453485
880565740
2342717074
660567887
2222317692
1099366050
2613380786
880867471
1977237393
219521945
1857518109
875532855
1975308679
220811776
1862112226
440679761
1483201572
887165258
1994645080
1092402430
2380094830
218826864
1854293332
922109
655311143
655721227
2013255654
660014220
1578414430
1677379
1312011833
2002787
1314641040
1255902
219417319
1572787
879578167
1993762977
876970339
2207861740
878422025
2493535669
219189346
1027390527
1313591085
977980
660031181
440467544
2151774654
445884186
1193197894
219037671
780627912
219380883
1655221491
927063
437745053
439332198
1408705286
1315721934
917282
878288550
912017
1469079779
1465598153
1252800715
2744676431
811947219
2261329121
156881789
757012973
158009417
156667695
1600277193
1030323212
2728547604
1029897689
1030525976
2562859747
381451549
2224297689
375819689
1792656344
594553633
2252602675
1030950473
706014
812098485
697075
813417645
2231530
1249577808
591397551
1759714877
158401754
769790822
816676807
374881010
1801520974
1030421853
1236180
1096184847
406358046
592695775
1769973347
829034
1029387274
2385252756
878062
1532744379
1389340
377161882
1153375
592456513
156936079
1623484425
1029492992
855998157
1822519526
898653
157066468
593202133
156763622
1621919403
156304054
1404514958
374230086
1029730422
1017638
1028331956
156186910
156760683
157216591
1410478433
155998378
1413848900
157745425
1417825648
811858537
2120237588
157758098
814674379
1988340076
374135795
1691676305
373243259
2309604518
895824
374851252
374885844
1385771065
1250036842
375360585
1608071162
373773746
1390605314
1246077802
752205
1028818888
1074984
1029087629
155899446
989316656
812080
156460577
3527119
1538431109
618443
1027047741
373764368
1613562684
595530930
1709542719
596576498
618830
156217215
155742512
1208051323
1028035070
2793816269
156574301
779101359
592913417
590966370
155936162
1912460281
581347
1301749269
2911894946
156542552
1216899458
595318046
1820527927
1031123088
156463481
1221615019
666544
1245750168
592078906
156361093
1006981563
157274401
1011612164
585134
374689781
561326
1603681751
374339797
1629550168
586300
594039028
591031369
2259515281
373376634
2073810959
592036021
2258784985
1030160396
2436497222
1462078286
1244612350
3286845001
682807
372640937
1858092564
156786973
1490290462
874850
808458517
593756
1462710071
591678762
2053529216
155406906
1893126824
1026379459
2820995238
155715649
1677191884
741689
156491839
156901514
1820294888
156272656
1681503026
809035443
2362034556
811836649
2030747899
156851216
1464232440
156741188
1469130605
156761871
1030632186
592068439
1960055933
951777
810207937
1254622018
3093938066
847389
1027732315
597008508
1019973971
2605359891
1026425032
808861098
2478302943
