750318513
1229256250
1698775663
475373373
1292652245
1885516284
2539468924
3255746734
221262691
686516439
1151495780
1741925168
2423514869
3202224400
222053887
689266000
1191610978
1717960162
2336711016
3114840185
220252359
685242901
219027154
683108969
1148312165
218474878
684335137
1148855033
1710036542
2423072373
1079987
218782757
560263135
1024115082
1552503112
219826349
623412753
1088712741
1676973379
2388804338
3165346384
218838004
686069641
1149564392
220718937
688004752
1060081869
1584185016
219324052
684806387
1117438619
1672632982
2290677881
3123867320
3923581410
217861917
217563775
620911944
1027792805
1583686723
2261810146
2913225687
1183745
218005764
497852900
929928707
1455487963
2102934163
1041157
218695119
558231879
1055967392
1609131552
2286750400
3078664446
156218564
586563683
1044364590
1625345567
2265618499
3088085328
