734835578
2341843005
293552203
751865838
1377722042
291001991
750029053
1374539358
292522123
291626752
751598923
1379266258
290683428
978075948
1604127912
292760586
1044129577
292308904
923097119
1551513099
291729015
747990275
290721857
748581992
1376513796
582339784
1206596832
291180081
747405299
1373286331
289777189
1013958776
1638258172
289965486
923910059
1551465879
290870238
747341487
248536323
704632717
248664217
913407925
1537017263
248008133
702502376
1324330269
248146368
911902297
1536940951
248577474
915101842
1542068158
248454204
705584556
1330018969
248611458
917359778
1541174949
289501542
1038759370
289892143
1036086055
290140789
1248870832
289323833
1034244131
289991487
962757191
289321173
746432658
291793763
747349855
1371774620
248700026
703926938
249690345
704746260
1327268869
538196830
1163914842
829739794
248958600
704599850
1326847752
248301764
704511055
1326011882
248227421
705706329
1326826299
247766821
995497133
249536407
995476211
248328189
709516736
1331455525
539077730
1610610802
538800359
1161463466
248163842
704025217
1334591431
249536487
954341392
1574701984
248339796
703794417
1326395976
248035907
953902016
1574579736
538509708
1161392085
248242561
705803621
248889547
705407693
248855235
708687985
1330090003
249371619
709061089
539731594
1166460365
247843944
993237644
248270328
959324712
1582762726
248733934
704259939
1328735392
247885138
965951999
1589271988
249249980
706662845
1328856232
247930606
707763219
294146748
1040570321
579976276
1199442819
289712776
744227103
1365168532
289494723
582150503
289595297
1035446786
289381744
745769692
1367894430
289489933
745871972
290304599
748584582
1369575742
584254419
1206781114
289345825
1035895590
248397532
706608895
291054271
1064937611
1688075727
292538353
748118674
1367923381
290186869
1018758237
290472691
750140910
1371110134
290273658
749502777
1377266069
289074763
1020157493
1640435784
288993106
1034295873
290520811
749911199
1371113336
249968907
707221815
292604450
749611343
1370562348
869975554
293098118
748219390
1371687205
288671074
290115856
1027120088
579371426
1201147797
290302738
744657774
1365015042
290228550
746430657
579694457
1200250992
290148987
746815590
1368223217
290545519
746578718
1367712857
579295702
1581217814
580120649
1497402146
290677319
1035644896
289230864
744538989
1365504156
291033039
1038737128
1659648633
290484167
744950477
1368985557
289459546
744982095
1365987593
289077379
1038793741
289088163
745027233
1370530461
582553348
1207734096
288918311
742825766
580529553
1203254109
290180641
1051804705
1675113651
289802089
745580691
1368527878
289600901
1044637834
1670607495
290347996
1040917983
248614131
703909905
1328238422
247641020
994929540
247861350
702608502
1323594338
248079165
992498234
247582272
1009102139
291132495
1053288417
582569603
1211395047
580159759
1201251992
578479024
1199495536
248427769
702839486
248346954
1014888890
248101041
702967818
1325030952
248504814
993657309
247719457
703529398
537567082
1160507339
289812731
1060503863
1681328279
289010562
744173688
1363781953
578698200
290133295
1356153894
537853842
1163562126
248066871
703800890
1325867620
248321708
992763912
289472749
747784206
1370158045
289221812
1033876643
289887563
750394473
1370148019
288803181
743474120
289602209
1033702855
537079794
248561030
703005146
1325195941
251418943
705670126
1327444213
248662251
704490408
1325348297
248543873
1034727661
1656175657
248596881
702866731
1327302145
247979281
993554916
422095543
883273457
248392458
1034603976
1657081009
248058553
1036522641
1657309444
537478868
1591308928
537194813
1157732383
248091247
703723026
248673848
706308280
291091271
1037871499
583042589
1203154918
248467932
708499001
1328789774
247992876
1333024878
249060455
1335937913
289551416
289344683
1032220661
289062326
1090460047
289105980
745798526
1367818674
578628100
1199999392
290228079
1036782728
578181038
1199098414
289195435
1092116313
1714763279
290200534
746628557
581616685
1207237952
289760251
745225136
1369867992
579052905
580616828
1206751623
289641200
1097442851
1718658649
579515344
1199771341
289998223
746804027
1367203690
248011402
992627096
248205000
1058714843
1679314976
248406508
991852036
247862652
702338702
1321821628
247722382
1063036039
537904542
1160139458
247765336
702721216
248281179
702687997
1323426919
248258947
1067605229
1688150216
247825913
993446588
247854216
1069375590
1689050201
247047130
702028516
247391822
991570060
247832876
1069984745
1697022138
247901430
702895826
249430878
993713803
247183433
1071683848
1689998038
247620707
992070596
818964692
578429243
1197502037
578130573
1197340753
577793295
1197932814
289990603
1408560834
577755655
1789558282
289612957
1033380740
289920842
749153410
1369133444
578216701
1198988128
289588167
1043318113
289967866
744429706
289104510
1033170424
289631322
1126787920
1750515609
287422817
1032486812
289107981
1035936198
