714261687
1505398340
1720505358
3269709008
4408878622
581928356
891855929
1737954010
2562337866
290012817
746198186
1263791371
1479880690
2158647869
290457436
909182109
1218195480
2036908223
293449562
664552683
1180171544
1396316767
2284108426
248050917
1005575387
1221815644
1984104095
2812578077
206472582
830716300
1374980711
1591206853
2846897077
456174163
1303861622
287066718
720384114
1982447435
792940921
1009482763
1773694917
2434157651
709174410
924303429
1809267182
2468643180
1530404564
2500853731
288062962
1133028223
1349548555
2071912181
2729054288
3510120404
574618050
1121963870
1338001166
2065759449
751712401
1014755643
1735413239
2551908360
3168923393
494078920
965801980
1685611978
2590925009
498733330
1060801992
1946215657
778929820
1312647507
2123464583
2783826174
3439332373
4057489805
574898717
882151519
287133039
865470528
1367558676
1540386098
2589252297
792646350
1008679510
1893088492
2674460830
287185906
907883390
1452502676
1668510651
2345821284
3258807488
289190814
932044648
1818389654
2641036229
287459959
952743859
1500217007
1716310240
2558906912
3337736250
286645185
717143427
1889089215
287061014
956401230
1294788156
2545696236
287542974
954224877
1169470914
2129611897
300459654
752909594
1260292515
1475957206
2234541042
287775137
719130561
760094897
976705960
1868898498
3039398804
245842430
915072471
1224775562
1985551046
962082807
1177753462
1984061693
2642981769
3424403764
1269351884
2368747911
246054457
941103478
1249572923
247326250
833725447
1049281190
2266437169
1478176289
2575568746
286923721
676591095
288684438
1152120162
1367104292
2124685193
2946500245
287796307
1114924225
1330532135
1968152214
2542692849
3199539333
287411317
727806673
287557277
1147964971
1382031758
2226624464
2916111047
3574498572
560162450
1357734222
2343166702
494796574
1044383983
1260871668
2020906854
2825296527
288328724
947965420
1471318948
1709816876
2431054697
3417968586
288227692
969026378
1665064770
2569535154
534439288
974561393
1189791558
2454790347
801501920
1016408606
1779047312
2605399801
317378397
1235561136
1466447101
2555495280
3172492031
555055644
1641385611
711629039
927079389
1685221284
2484846111
3141679526
455404845
1215539695
1431239964
2148978898
3135847457
794370005
1010744087
2185906055
2843471476
287139663
1023097112
1817202827
2391717742
1401835594
2452384443
1279241500
2489625906
3140729775
1195143948
2150710197
2932774479
533454868
1102628573
2112309671
2728745967
282922450
976082457
1779253245
2437944667
492807934
828131624
2089599319
244601771
916926979
1232321256
2487428289
246665195
1017121881
1595171966
1811036402
2569412290
3348994123
582161972
1133997326
1349674793
2441696705
535932509
1265737838
1481656768
2628773422
3248270241
513441415
1801352146
205747164
884598661
1428947314
1644976475
2786670452
3568331308
498522213
1073981277
1903659987
2846467691
285744043
1173240640
1431032130
2476393510
3137319417
759439122
975701469
1654022787
2311304899
287923794
1207289953
1424046588
2142884042
2801609007
3664334422
639097731
1232510608
1952376311
554839477
1481803820
532851906
1114420718
1876094615
2873031446
288453669
740646097
1205727245
1421449812
761535779
936843090
1616911119
2275969875
2893902019
286261630
721550072
1607124142
1401732911
2715014281
286648362
1016873987
1561538709
1778370467
2550523354
3209274418
287785774
1236122679
1452364264
2212912653
2871130897
3489012556
581470475
1127919584
1303598023
2024691882
2848521997
1356749221
2460212295
288047191
713082232
1927488166
295253917
1032067849
1341942362
2429502543
287744246
739643160
1284449053
1546638711
2736772459
1313931103
2632673271
3252610183
576704146
1082115021
1298082221
2181664071
2962956828
285210784
954938832
1171098675
2056704538
2854103067
285823328
954465378
1175338383
1982321208
2642079375
825208406
1040839416
1963019688
2622883909
1279242184
2228633853
2969284915
289044293
948075331
1257355799
2021534101
288165391
1028350405
1572787319
1789148669
2550942815
3372716879
412924962
1186674355
1402122448
2162407371
2998876357
3617215383
575248745
1120624715
1296313371
2057315651
534006574
1037985691
1254192780
2344567333
3002568769
287320852
1165353245
1382249160
2516366488
3175253124
539268904
1044194355
1261514277
2232498594
570274542
1828181580
287316646
1034090180
1536758532
1752950993
2676987971
3333862528
534171868
1139707348
1900388821
288305162
1253432426
1469142087
2213356325
3039775146
677324397
892950372
1817742596
2845352303
1392312908
2652757953
3350856293
287299171
997125623
1305870040
287379925
889500531
1024823906
1870338927
2529814195
976212480
1228438717
1990603974
2609687131
3433144695
514090125
1438258691
2262525333
287016333
960055397
1506046492
1721660139
2604166677
3262960649
1304523656
2357602102
3179596065
790884851
1007060668
1893065745
2554800960
1649624298
2822131803
575974244
1080766857
1296177874
2310666567
3135904569
288080412
1262715247
1477966512
2239765053
3064138660
3721408531
287171582
926024201
1101319457
2191037431
2855604808
793774610
1414884691
2227170984
2930113441
3709636584
556114060
1648978817
2307209209
534308197
1390436606
1565022054
2325745456
2945730210
3727470311
577122067
1123244003
1338112035
2222431352
1369777601
2432780546
570880895
1428782449
1645403381
2823846384
3361265043
4065299931
288270455
926162103
1141954574
1901157614
2676500904
534897626
1049150685
1263735405
2024065587
3011686071
287563069
973116658
1519028853
1734983633
2495261341
3322403962
287452481
1054790419
1568183895
1784496742
2834665670
3535204973
287918621
1054971939
1606446482
1823004331
2916734613
3492185490
290585745
1277594948
1452877016
2215304984
2872924788
3696692753
589580759
1241771225
2001410610
2658462395
535130545
1183287653
2109197051
2768612143
287570275
1089059727
1769261952
2674311552
791497771
1008682359
2098537524
2756534437
205279517
957177834
1719321541
287713952
927102151
1143293802
1904767292
2727766686
578451784
1123958325
1300583087
2391736922
3049269911
755211984
971315689
2021574789
2679926778
574687055
1392533580
1609049569
2329714448
3151833877
287576199
1281607769
1456483050
2217481021
2878469567
287121880
741307840
1319526088
1538276721
576500425
885382101
1685816150
1245931897
2406000501
3063113517
1477209193
2801260305
793080263
1439853380
2201734334
2818139379
3475567602
4133318651
287735168
1049807509
1809391233
2798415246
576701422
1237488471
2197625681
708127877
1195941986
2120866051
2777979436
3437488422
287577536
1050948588
2142861546
2818215854
1319790311
2237799521
689017775
904461731
1664258499
2281735736
2942649627
287765170
678070608
1772565752
287374821
719440983
1668202789
575905193
1121625406
1337051971
2096336766
3001846865
579701144
1481870477
1698521281
2747837626
3405543569
288165405
1084700522
1698889810
1913767899
2633184698
3619737433
1315214177
2312865069
287805242
1299723011
1514328141
2560680679
3388054725
575583913
1474596740
1614400392
2336546558
2996025062
575653008
1125463098
1388049165
2314535889
3142681664
288850148
1066202643
1827857835
2484064709
554734170
1649933357
2228509039
576110634
1120029039
1336487677
2097178295
720769158
936585691
1698086733
2520886665
3307158347
792255378
1008067528
1942260481
2599463851
493743094
1350983763
1566991574
2327998557
3030947616
288639155
1092106417
1637861179
1854230234
2943359721
3519640672
287131430
956353399
1172310985
1933816431
533190060
1297655381
2555470068
555457314
1315730093
2304244324
287683768
1091803813
1427243418
2519428814
286981445
1094742919
1639987393
1856409771
2717141542
1285989396
2383436394
3162582193
205612502
995174399
1923157259
2747208002
1273028799
2595488901
575489699
1517202789
1732893609
2495921994
3154842517
582534484
891883557
1654157694
246442327
1039111485
1963707401
2880663888
483043126
1203908140
2215284618
671216238
1252085005
1977203575
2684982426
3342823111
449342554
992079863
1207554956
2506680185
547570709
1639143359
247480176
1020723349
1609705671
1826561098
2511090424
3334235216
249292330
1044773647
2133814066
2712049429
246018884
650844533
1904886083
757301746
972794167
1692009123
2475896415
751413933
1342039488
2102150034
2725934539
3341838840
246558174
1065313024
1610874996
1826643473
2923225916
514945051
1727472824
1402237022
2476974731
3172285065
247365430
985831673
1488011019
1703454402
2628983246
535716055
804128413
2017995824
245747149
1253522998
1469318301
2558799462
3176266987
535281778
844105907
2101740750
532445992
1455411195
1669459646
2560565752
3220258071
1442436214
2646178406
1276339233
2525173261
3141796319
246986102
1292860561
1509035189
2602492372
3221526520
1440673287
2392489729
3010090495
515517392
1441772948
2263937867
750673004
1443256461
2202933533
2861804968
3646056417
246456790
1125076211
1712536017
1929018415
2895608141
3555135110
750806445
1287324399
1966166269
2624439309
3241510008
3899760966
535235990
1225513376
2153447508
2935899449
535141744
844010835
1979956593
