515846434
2077580405
222350601
694834665
1516818
475383888
480671216
1299685806
2078049629
219850184
659172424
1127256224
221520100
688790755
1154156823
1931271575
219655066
626125428
1091633020
1805884363
219021495
656234752
1088883527
1646273179
2766858574
218846617
623097145
1060159271
1581556
219798680
561886516
219499682
685466513
1150239229
2187928400
3125927191
219414743
686375493
1123229706
1618754263
220592908
686400868
1150826861
1742113175
2425172563
219607847
685748484
1151123106
2146773419
219716418
683868170
1120586272
1648275679
2551442860
217314504
219072680
653929178
1088786576
1861868355
2915581844
217763735
620296588
1086199771
1614351820
156643735
620807845
1089368708
2111150594
217599699
683606563
1151429090
1680984119
977759
219747173
529133915
218478212
681498528
1146567816
1731402201
219823827
685235459
1148845905
1706666704
1465142
219213562
529626794
931357481
1933710268
217874716
683232870
1146405062
1734983797
1369950
218549740
526877378
991769018
1764447642
218777063
683732721
217973902
685297425
1117381616
2156728706
218627764
620534352
1085042866
1610203427
2632658954
217733434
682613160
1115078012
1675658817
219445652
685837068
1149256187
2112568773
1008309
217647742
557664861
989287279
1982467029
215275103
650360595
1115713973
1702758017
2691691153
2169446
222405857
562451899
1026335952
1583155101
218696158
682772733
1023180133
1580150500
4668263
222174828
500940685
934920629
2077558665
218187039
684847969
1148914156
2063289676
1125620
219795700
683954908
1121032881
2142367522
3255405831
219413669
622530541
1086108889
2320747539
218771696
680781204
1145534847
2383075793
217707293
684147647
1152254563
2048809240
3023290112
219367024
685627708
1150972115
156689591
621676058
1087032809
1860911875
2663966793
218402510
622792903
1056285120
218749493
683217848
1144732819
1701575111
217095327
683989192
1149127804
1646428869
2782379034
218027621
683103547
1118524312
1674768658
218335377
652059411
1054922517
1833242404
2823852177
217000918
676664674
1141193641
217368846
648753929
1112267387
1886314499
2933636484
217325214
681538178
1146153970
1703993348
2885641964
3608196
221088037
531619670
965847728
2167676887
992216
217790705
502322514
965941243
1744161231
218181110
678794623
217043855
618409285
1018302299
1541163601
159332001
620906142
1053252531
2264687391
220556637
621918034
1085821274
2079868064
675029
218101241
557611425
959457700
1701692361
218293676
681757761
1145941133
2162804863
3058995899
216178865
680364201
1145015444
2381498728
216216384
681690362
1114923241
2322052099
217339367
684774501
1145151533
1732527864
2697132157
218094738
686898170
1150699865
2177314213
3133993706
664078
217212388
559902014
1023390272
1612931924
157818867
623131165
1088263347
1864520186
2856164444
217614779
680530774
1146498800
2135605139
217941239
683866401
1117052657
2074742894
156245828
622917456
1125639
583679
155410646
216058482
679846006
1144705328
1704833561
218035628
682516788
1149151842
2384385059
217313028
618172492
216075522
617870819
1050194574
2230549001
216826716
679950732
1143608726
2040177331
3001674957
155886191
620476604
1090016888
1831332688
218173567
716421932
1180225072
218517075
649954012
1052134028
2004468608
217302679
681538747
1114887212
1672096460
2384342284
647940
217150020
525956131
957510039
2039667991
216721009
617910469
1081886277
2088859539
742578
215985524
496015698
961947890
216844631
677985925
1142485070
216932011
653621796
1117295702
1866030700
2885517953
216910517
619448726
1051807351
1549482655
214853420
677802230
1110613189
2265596556
609464
217790377
558869601
1019360773
2224627588
220768915
684454292
1149078964
1924235193
2972210772
155544136
557033310
1020687696
1835278079
2669930972
1573977
217751349
557861591
218352269
680458647
1083664379
2290898743
218040947
650859130
1084149179
1613347333
217606809
621476325
1085447456
1889889969
2728959419
218309726
682145258
1147142960
217915056
652762223
1085586657
1889010860
2944283755
218771437
217946371
686460178
1151947328
1709319284
628147
217732651
529486866
994820424
1984230854
219606519
685432544
1119250683
1705653535
217207386
680706643
1152205187
1710353810
217324418
682695835
1084625846
1888550988
158871423
622967734
1055447261
2258808067
155196467
620542624
1084061012
1609696356
217504976
619513763
217282415
683049700
1116866594
1672639662
2754549896
218173570
677166347
1077801832
1665971813
2809840071
218044887
682732632
1146961115
1950055675
2754947125
217861161
683259293
1118880958
1895278699
218662088
683078306
1155821005
1745201083
919671
218656254
529279225
993590098
2013960090
217501095
683635382
1148103610
2172051691
218108883
217479730
687167472
1153438126
1744785052
2674730120
217931164
684637064
1149307202
2147121709
221478476
686225927
217858044
652052182
1116105611
2385886296
217695458
686991736
1151458190
1707705971
218221145
683434954
218535200
620718911
1090660336
2332551543
217329621
683081996
1150022454
1707176678
2853764427
592198
217891912
557898504
1022981360
2264188865
219763451
685721393
1118742363
1677437478
217739629
652486172
1117850515
2140521223
3102259233
216242267
649966780
1083109717
217917996
683514669
1149751995
1708012944
2638414978
217614554
621204967
1086405852
2028556300
217557684
682909797
1148433579
2142027783
216920323
680506111
1113396643
1922696017
559144
564246
217313007
684069797
1118428353
2143109277
3106976412
218979533
652739704
1116954653
1922529385
218251074
684976289
1149090072
1738619716
815027
156236360
156279306
622276799
1086927199
2325425455
157234740
560681416
1024276405
1835756312
156764365
621021849
1086288686
1675289501
2356467396
156642669
621033550
1086040501
1890634757
2942410679
156164537
620797582
1054901333
1644261025
159126688
562751876
1027266645
2266903220
155998635
620941158
1085198646
156514564
621560652
1083371098
1889650099
2693726127
157203673
621941622
1086352957
2077305622
3042031846
155926022
589828218
1053238944
2268468012
156119059
559138178
1022817193
2297271001
155601087
589951284
1054079267
1857791187
155599178
559000919
1023274174
1611000430
706668
156545516
498002773
962420308
1772403780
156359400
622287847
1093258257
2118571253
745161
733444
156110446
497889316
965107534
2207043607
156979279
621039632
1087005683
742699
156706796
498361287
963513702
1768713312
156137505
622758524
1089251689
2334201362
157929847
623661104
1088392174
2112306009
156255743
621794904
1087707833
2327484580
156552292
622134364
1087251566
2111952993
156232354
624373911
1089248933
1896038029
157917789
625888034
1091102865
2112523498
3072154568
156791773
621981492
1087464225
1894736221
2732373990
156174129
627065895
1093121290
2116453568
156520198
156141231
622188691
1086875270
2113643575
800101
156309127
156220298
622562250
1095659941
1685072216
2398067564
864892
156367165
498034890
962286802
2204486022
931551
156027965
501614882
966611995
1555477649
157224019
621744778
1087826130
1677055210
156075784
156418124
621760842
1086573144
1890949131
2728289936
156360568
621861003
1088792090
2113289100
156875979
622993563
1088642957
1677494950
2390309301
916632
156380153
496782048
963204497
1552841279
156439813
621206985
1087347668
1892065207
158249899
624149351
659116
155794804
497264184
961620313
1551046789
487567
155930250
496441162
960619516
1548540774
505877
156466583
496926719
497690
156213782
497423073
962745910
2240425545
156587328
621007014
1086073184
1893456045
157044780
622844765
1088497771
2331319969
156906046
621627521
1088145831
1894497705
2732758233
961365
158955025
499901521
965035533
1991519222
947143
156917502
498558059
963625002
156166503
622242066
1087461306
1894135053
740707
156676433
622684987
1087354566
2112020430
156165468
621599245
777861
159921882
155390418
621334356
1086489906
2252500456
156690266
622104485
1089547542
1895914451
2951506763
155695246
620737166
1087802321
2111456702
156040982
620743736
1086892385
2112114365
2960843
163910896
505545767
971575167
2211859525
156563579
621417455
1088456861
156719274
624454821
1089831250
1896194679
157276042
623252613
1088909263
2329659877
507422
155982180
497231781
962728178
1985702666
