555723965
3050994429
4791370418
220570193
911050867
1509836728
2450901140
220746986
1138156019
2304363681
1852555
668521003
1715356747
222778051
1136426849
2302826035
161826351
860777938
1681564619
2747904656
378435191
1238280537
1835096484
2772912768
159443838
853395080
1667466107
2513391315
158501140
1292436558
2138032349
158315581
1294087677
2140418346
598093350
1679783532
2399238003
3241315394
159499207
1076748035
2014491201
3059707435
1300616
158799977
1603021035
1144171
160130588
1171790755
2016920626
2434969
159441264
722560015
1534245370
1199479
158016509
721739377
2472779
378143758
846532939
2100421480
1236254
1035584924
2104892636
600217527
1673121074
2739556077
1531211
158385163
945168130
1888877271
813455973
2175158625
3020197345
1038185295
2630361620
3601771608
158076550
699033581
1452919425
2485276134
377645280
1150586087
1960960718
3026164955
1089040
377653350
1064487703
1786819353
1133975
814834654
1533118353
2594936736
159098774
665928104
1574659581
380470529
1065757157
2097030642
3066635262
158826902
1110922137
2051369016
3020114445
157735738
1105055971
2046167201
596497845
1574534176
2733810240
1062405
596266403
1632811215
158549375
890277063
1926046588
2892824199
156803101
1108353684
1825354064
2887024170
989485
597236862
1190653334
2128611677
379773715
1162334600
1754172411
1584887
601479509
1417495530
2258071620
593909466
1580798448
2295871548
3139977074
594927054
1683101279
2526669534
3506082514
2549566
597053106
1855113288
379654600
1096011151
1689964035
2847421305
1217362
157891149
505149589
1083568
157605457
1159701469
2224487606
1189435
597004191
1844337270
1040939
593376921
1186298008
2341454518
158676306
953117108
1983588915
377370086
1098850311
2349702603
158837410
691873605
1378248931
2314618900
1759638
378306001
847617014
2097801663
380134988
1321625726
2256576853
977579
374454450
1277379842
2118354062
1089834
157746192
938618471
2092429831
375368124
1103393270
2131670016
970173
158048719
501282722
1632962882
1813229
1252302563
2221599356
1039853
156891285
502039736
1630220910
157279699
917599204
1508769849
813001965
2056559903
3117075878
597464116
2067374993
3043823207
1370781
1030910082
2089541130
156502329
921646121
1515104439
2665685842
161035585
705291928
1176298169
2430569262
157555661
705443498
1833810668
159218232
706464477
2053665790
946403
375692993
842983074
1438404707
914952
375115084
1716199084
847916
378141932
845353153
1656151708
999159
375677449
1288841198
2354702694
916858
375320673
1284867394
2124682680
5029422
161338313
504341409
971246845
157421505
711304641
1177091176
1767209118
156381785
1366509350
2210689247
3177619669
1037544394
2507054532
3478415342
645091
156906868
717687443
1308536252
596201995
1859731141
2702102410
3672560444
156614009
712765109
1178956526
2428318580
810870349
2061954069
2900629210
158835282
935542370
2186501209
372937486
1646698204
2486242749
3451583896
595473
598292706
1194896431
2359385648
632750
592383465
1186323733
612698
594665574
1408114127
155822232
718654619
1842381390
689694
374261507
1058877914
1997578010
659712
814243984
1750722995
2857727122
649613
157123268
1595980677
741658
595827401
1187244399
1902357671
156913703
1162456512
2097951638
3057960876
157950211
725161203
1194620471
2222390649
607697
156396010
945063039
603694
156179990
1588709567
156179102
945715351
1536307039
2690237714
157308048
729307785
1634154662
2693931788
875084
592379160
1185438409
1902080574
156932643
730453922
1853899502
980602
156741890
935697558
1870207575
157153184
732703471
2077253682
375263362
1576588565
2729296930
374375781
1138794225
1729791070
2668587043
374909047
1138627737
2167633559
825195
376755154
1494812739
2462845381
837049
593122444
1401497304
2240577025
156162079
1172284078
1891459323
869234
505620762
1102447667
2353366011
880707
157485327
499947090
970310575
159357968
961249608
1770450091
2608776760
3692573
596334302
1186363659
2339440371
878599
375046117
1058276990
1774044326
156773321
960516859
1772291571
2830444674
811083058
2311901130
3155403061
374829698
1237724663
2265576715
159590375
1399640189
2239849145
3206942449
593391885
2273484222
3207981269
374892085
1150861954
1741495120
2455955410
988784
376642012
845418192
2001420588
373638643
1368666818
2301371233
853519
589672168
1179810703
2111599108
867367
375392389
841021733
2083543892
591932121
1559564765
2711826622
890080
156834428
499110480
1847649035
156638793
791509756
1257888227
156517359
752963600
1218832565
374012945
1246499896
1837094350
2550921158
697782
374945014
1498259839
589435
599074152
1405822302
2464511903
567416
374441352
1276746323
156223520
1194387109
1908656409
2748717054
374166966
1603489220
2437055702
155787358
756828813
1219860196
373623492
1160410537
1971395088
3028283355
376984095
1385816620
2099986570
376562970
1165842955
2427786826
1296237001
3046217032
4010235309
969529
156951007
499990275
966389511
899517
591862865
1624230821
156996192
766631583
1233477370
1827710035
434683701
1227802734
2034666635
570945
871015288
1810193556
643249
653170920
1679133131
218179834
1047320189
1852691603
2691193669
685251
436040778
1554839268
435338749
1236711675
2043701899
2882534792
597241
436420054
1770431363
436400082
1454558904
2388516863
218494177
1269742328
2201741403
790562
218242977
559842224
1898175039
779397
435698458
901107354
2153090509
218268712
836535968
1521166547
436269629
1240982314
2489601836
219230038
840197651
1742191573
220132899
840441113
2223654808
3185899827
214633786
1053516753
1644485762
2800861607
554679
654087312
1244812052
1960282650
430656177
1412161024
2438438623
630090
650720460
1242183741
2176817392
218072942
1064849578
1655619109
2807762765
566630
1095659134
1936000204
2900402719
434876495
1463343898
2396337074
561623
218903505
560887908
1899245215
565417
653913889
1244920048
1957686732
373422393
1187493858
1778179921
2931520327
591511881
2085897454
2924966364
155950379
1438195680
2275849065
3239864284
156333485
1446198702
2288927218
559340
155552416
497231131
1399300061
629168
1026678965
1864486572
2956624036
375661123
1419995978
2134366555
3194180436
374015400
1204369329
2233770313
3196743053
534012
591594228
1182633912
2113258624
604237
373909706
1715356906
534273
374217021
1066136680
2222713349
651464
591664266
1182317449
1898050023
156435510
1486550722
2324670104
372890904
1418251620
2134529534
2972529449
592337455
1727013838
2659025006
156618598
1234440892
1947700902
758350
157046958
935302162
1867021943
377066533
1207430243
2016419461
2984918462
592033999
1610495818
2324979090
3419397730
812177076
2568980095
3532668096
614568
372257147
1710507962
378841844
1215489897
2022299024
3078748044
156446000
837213176
1302536498
2551078330
1349529
374255813
1060872854
1778285017
374096588
1430704172
2144293526
3199839678
156038969
1468075823
2302321828
156884826
809046623
1491856272
2203797983
723124
374227206
1057577340
2206661492
808752
374056894
1058005203
1773081201
703266
218193634
1213345783
218765329
1315764539
2030060058
2868690808
218527112
873955520
1773585136
2835416886
734001
219129498
996652775
1716567511
643981
434613122
900223926
1927823512
871700864
2458076743
3426128832
217864092
1098133000
2340510310
879459497
2106640068
2945140666
218211034
1098043578
2344350677
811240
436842571
1121008734
2290810571
436585685
1374362209
2400814023
