1514544058
583771660
1594401244
875127700
291725755
1259081450
290388242
582637927
1378827598
291903227
291967007
1212949314
873353859
289664540
1214543541
293175134
1041818045
249090885
999069494
290656061
747501363
1370093529
291681086
1038160093
290753878
955875617
1578213687
874388011
290195039
290470272
1041402545
578945419
579736201
870950988
872127505
579520603
1202236862
869400403
290247101
289918154
290335318
290800811
1259452519
536612766
538920718
1384125834
538538566
1381294638
291597411
578909629
580744254
1204010539
868156245
578791013
1446243304
578878347
1448112924
579947872
289475475
993168914
579639261
581367860
827573852
248185984
702261349
249787638
999781593
538416442
577923459
292445663
1039042174
579193891
290868000
1036905900
289773688
1005729824
829028415
248437396
964205805
1584789681
249827463
708952720
251122896
876608216
871438346
289519673
580024881
247642350
1260385911
248570200
538770705
248805013
997631906
249122049
707390254
249000420
250066615
1273175860
247812006
540987677
537568849
1438640803
537316443
1443413034
248499195
986079690
831682256
290881544
873447820
291312045
1033670122
248445946
702576851
586978370
1207901290
579575519
289956830
578297183
1200155329
579343418
1487958266
868111660
579516815
289226600
743998619
869159672
289895744
581381895
538362249
541774790
248465116
1342942122
248159627
1004776875
828932603
869791712
580498973
290427985
1047253567
289576414
871089469
291342192
1041321882
581132543
582039633
869973555
873005138
289067430
743700307
292170457
579513563
289928412
291085133
1036735538
290548274
579446122
290041357
1062036240
872031965
289498866
580370224
1203580596
869697033
290705628
581209036
248349080
1027194195
248392037
705220923
290853142
1371331574
289345345
289247081
745305528
292327887
249020271
1326039075
247917253
1034368927
247790043
1325604761
538343152
1160380990
537462651
828591019
579342736
289174994
1373104080
288237860
1379389712
291602407
1089813451
1711639475
869246003
867687709
867842549
247181640
1048525325
248427821
537890472
1506296023
247561840
1339239029
579914823
290311745
1382564806
582720336
289955048
868702137
579426650
1725766999
291764390
581544221
289423425
744979247
1040060601
290229232
1393761227
578598819
289019677
743817667
289032209
289453447
291632182
746559555
289493251
1396863067
579264684
1199601602
289495014
1037322363
288527058
1036473180
291439047
1406514130
248505992
1074291200
843776417
248128946
538371285
834522694
536959474
1579966248
536889540
869116271
293649773
1043579087
290379521
1037674477
866917650
289958071
749531131
289257714
1413365156
290744986
1416535766
248310633
704045889
246560921
1083058180
1703464504
