428493860109994
428496901466745
883838870
2182014763
663947881
1966047638
892646313
2090023846
1332499784
3247349522
443229875
1744231256
1548661455
1263682
222171565
1508933
883220673
660978291
1911965792
440921873
220004566
1580122543
1018773
1541488917
219994908
1137616380
659077098
1512862695
439673414
1335341927
437742874
1235541
1098563441
1323728228
2707167787
440341791
1790471666
221422312
440638759
2000234184
439715030
1780687380
1563180130
1323834564
2710404082
1233949
659443035
219431068
1602601400
440518170
1566708043
226980321
1177273032
879520041
2279707129
220165487
1173195190
877891064
883783452
2145169203
219135157
1171125382
1549497805
1036234767
2864571135
602203577
163028138
1337556346
604677767
1696903785
1036288170
2513393883
379992578
1826755888
159775002
686844577
376953864
1972255471
1402329
378385600
823846872
2051216562
381491871
1761617019
157677521
1569320363
157536253
691771838
1031763187
2539836432
598398994
1944461882
157609671
813030394
1470810278
156839989
1572255930
1132961
876310748
654688947
2218964356
816314
873451151
655304975
2001266862
2816542
443175729
782221
1531630753
727992
1533020200
875827614
2120901969
875711482
1989110090
1315478886
874963033
1980636511
437968037
1481876881
3049351
221245802
376453241
1115390033
1052549
1469513714
817768231
2149252161
1159136
813427701
596695716
1635924315
817519392
2146389211
1036435148
1086866
156945344
1037342581
376247810
1121849625
1251734593
2926095117
319463304
1349980720
660337237
1870965031
1094245412
2694844681
219563605
1438643439
657261056
1589536752
439441434
2020205943
435980115
1186961490
219932041
1957492074
655531395
2026740698
653957301
1597417788
218870933
654278045
2247404887
219067233
1003306967
436688998
1635502925
655028305
2251557609
654517289
1823871018
435757494
2076105132
658626616
665790
1530447963
157474834
1169587530
370733984
1354661556
374607521
1793482688
594877406
1765462270
375252652
2019243343
817816276
2736508507
1030005087
2323558
603371735
156863819
1837089182
1028516008
2377308554
374789085
810188467
2400388759
794855
594698453
598152503
1995380715
594126646
1249509334
946388
1027715915
1031923582
1289562543
2647809560
575687
1027807251
805696849
373342481
1860392730
811776470
2410658893
816657379
2415848925
852208
593148532
1684074301
986706
375152587
811338229
375679399
1161319582
814657846
2425072630
375787393
1866081473
594741078
2019885348
372677280
1378899277
156682920
1886899939
374776040
591241564
2147630890
810752288
2423116180
813107871
1994536184
1468573250
810350159
597012367
812926934
2427602561
158760734
990322190
157531129
1774865477
591943229
1791275636
1027924570
2792417072
918218
826315
1465680983
156731734
1865547278
156844135
776917214
154131978
373666839
1832126565
810428482
1047785
814262067
591104581
1646875490
750027
377333627
1246783667
592278480
1807696715
1248992347
2837977590
157959558
1690363016
591421986
1589439937
156589350
1871961732
156414129
156541312
1221415718
885076
1250824171
375279967
1409373937
373876266
1409882599
641447
158623065
803954
1465896290
371522450
2065923571
1027285575
4231256
724868
1244603063
809707
592542754
855450
156283588
374279413
1635338728
155935812
436607468
2134857639
714645
654937738
762761
877848502
1312200461
3104124943
868411152
216947816
1300049188
655578588
1894954091
437277378
1489049014
869738738
218646673
701618
218817801
823161
441373720
1088079993
2799384257
219758491
871567540
870639787
593042784
2356720815
155563422
810705838
379114989
1222420217
770252
374837118
1025410950
2665014981
835092
589102026
155252995
837574
1246315791
374074637
1221549932
1462466685
